2
   2    0.884
   3    0.817
   4    0.738
   5    0.690
   6    0.660
   7    0.652
   8    0.618
   9    0.595
  10    0.569
  11    0.547
  12    0.531
  13    0.522
  14    0.519
  15    0.507
  16    0.499
  17    0.496
  18    0.490
  19    0.488
  20    0.484
  21    0.475
  22    0.466
  23    0.467
  24    0.462
  25    0.460
  26    0.463
  27    0.456
  28    0.461
  29    0.458
  30    0.461
  31    0.464
  32    0.459
  33    0.457
  34    0.452
  35    0.450
  36    0.452
  37    0.446
  38    0.438
  39    0.449
  40    0.441
  41    0.438
  42    0.440
  43    0.441
  44    0.437
  45    0.441
  46    0.437
  47    0.432
  48    0.443
  49    0.439
  50    0.435
  51    0.434
  52    0.438
  53    0.440
  54    0.436
  55    0.428
  56    0.424
  57    0.434
  58    0.439
  59    0.433
  60    0.429
  61    0.418
  62    0.418
  63    0.430
  64    0.436
  65    0.431
  66    0.426
  67    0.419
  68    0.412
  69    0.407
  70    0.400
  71    0.394
  72    0.430
  73    0.426
  74    0.421
  75    0.415
  76    0.410
  77    0.402
  78    0.391
  79    0.395
  81    0.433
  83    0.397
  85    0.411
  86    0.408
  87    0.403
  88    0.399
  91    0.385
 101    0.396
 105    0.443
 107    0.434
 116    0.401
 117    0.400
 118    0.396
 119    0.393
